[
    "(50, 100)", 
    (0, 3), 
    (0,3), 
    (0,3), 
    (0,3), 
    (10,60), 
    (50,100), 
    (30,100), 
    (-1, 1), 
    (1000, 10000), 
    (1000, 10000), 
    (1000, 10000), 
    (1000, 10000), 
    (1000, 10000), 
    (0, 2), 
    (10,40), 
    (10,40), 
    (0,4), 
    (50,150), 
    (-1,4), 
    (-1,3), 
    (-4,4), 
    (-1,3), 
    (0,5), 
    (0,2), 
    (0,60), 
    (0,2), 
    (0,2), 
    (0,5), 
    (0,2), 
    (0,5), 
    (0,1), 
    (100,2000), 
    (100, 2000),
    (0,3),
    (0,1),
    (100,1000),
    (5,40), 
    (0,2), 
    (0,2), 
    (0,3), 
    (5000, 15000), 
    (5000, 15000), 
    (5000, 15000), 
    (5000, 15000), 
    (5000, 15000), 
    (0,3),
    (0,10)
    ]